CHR	START	END	NUMREADS	COVBASES	COVERAGE	MEANDEPTH	MEANBASEQ	MEANMAPQ	SAMPLE	GENOTYPE	REGION	UNIQREADS	NORMALIZEDDEPTH
chr1	155235882	155244627	94	3431	39.2294	7.5598	27.4	59.4	ND22789_GG	GG	starttotranscript	31.527832	0.239782
chr1	155234452	155235882	102	1221	85.3249	33.225	27.1	59	ND22789_GG	GG	transcripttoend	31.527832	1.05383
chr1	155235845	155235885	100	41	100	9.80488	27.5	59.1	ND22789_GG	GG	intron8transcript	31.527832	0.310991
chr1	155235681	155235844	102	164	100	57	28.3	59	ND22789_GG	GG	exon9	31.527832	1.80793
chr1	155236245	155236469	83	225	100	42.6089	27.2	59.3	ND22789_GG	GG	exon8	31.527832	1.35147
chr1	155235845	155236244	100	399	99.75	5.4025	26.1	59.1	ND22789_GG	GG	intron8	31.527832	0.171357
chr1	155235886	155236244	85	358	99.7214	4.89972	25.8	59.3	ND22789_GG	GG	intron8_minus_transcript	31.527832	0.155409
chr1	155235882	155244627	163	3295	37.6744	10.3432	27.2	59.5	ND01137_GG_Mock	GG	starttotranscript	50.035605	0.206717
chr1	155234452	155235882	181	1322	92.3829	52.673	27.4	59.4	ND01137_GG_Mock	GG	transcripttoend	50.035605	1.05271
chr1	155235845	155235885	178	41	100	14.9024	27.4	59.4	ND01137_GG_Mock	GG	intron8transcript	50.035605	0.297836
chr1	155235681	155235844	181	164	100	102.512	28.7	59.4	ND01137_GG_Mock	GG	exon9	50.035605	2.04878
chr1	155236245	155236469	140	225	100	64.2578	27.3	59.5	ND01137_GG_Mock	GG	exon8	50.035605	1.28424
chr1	155235845	155236244	178	400	100	6.79	27	59.4	ND01137_GG_Mock	GG	intron8	50.035605	0.135703
chr1	155235886	155236244	142	359	100	5.86351	26.9	59.5	ND01137_GG_Mock	GG	intron8_minus_transcript	50.035605	0.117187
chr1	155235882	155244627	155	3054	34.9188	12.6992	27.3	59.2	ND22789_TT_Mock	TT	starttotranscript	25.748942	0.493193
chr1	155234452	155235882	152	1224	85.5346	48.4647	27.4	59.2	ND22789_TT_Mock	TT	transcripttoend	25.748942	1.8822
chr1	155235845	155235885	150	25	60.9756	1	27.2	59.2	ND22789_TT_Mock	TT	intron8transcript	25.748942	0.0388365
chr1	155235681	155235844	152	164	100	90.7744	28.9	59.2	ND22789_TT_Mock	TT	exon9	25.748942	3.52536
chr1	155236245	155236469	145	225	100	76.84	27.4	59.1	ND22789_TT_Mock	TT	exon8	25.748942	2.9842
chr1	155235845	155236244	150	25	6.25	0.1025	27.2	59.2	ND22789_TT_Mock	TT	intron8	25.748942	0.00398075
chr1	155235886	155236244	145	0	0	0	0	59.1	ND22789_TT_Mock	TT	intron8_minus_transcript	25.748942	0
chr1	155235882	155244627	98	3352	38.3261	8.5582	27.6	59.1	ND01137_GT	GT	starttotranscript	35.765096	0.239289
chr1	155234452	155235882	99	1144	79.9441	28.3138	27.6	59.1	ND01137_GT	GT	transcripttoend	35.765096	0.79166
chr1	155235845	155235885	95	41	100	6.26829	25.7	59	ND01137_GT	GT	intron8transcript	35.765096	0.175263
chr1	155235681	155235844	98	164	100	51.6768	29.2	59.1	ND01137_GT	GT	exon9	35.765096	1.44489
chr1	155236245	155236469	90	225	100	43.1422	27.5	59	ND01137_GT	GT	exon8	35.765096	1.20627
chr1	155235845	155236244	95	399	99.75	7.66	26.2	59	ND01137_GT	GT	intron8	35.765096	0.214175
chr1	155235886	155236244	90	358	99.7214	7.81894	26.2	59	ND01137_GT	GT	intron8_minus_transcript	35.765096	0.218619
chr1	155235882	155244627	87	2777	31.7517	7.52996	27.2	59.5	ND22789_GT	GT	starttotranscript	30.152550	0.249729
chr1	155234452	155235882	100	1318	92.1034	33.6723	27.1	59.4	ND22789_GT	GT	transcripttoend	30.152550	1.11673
chr1	155235845	155235885	93	41	100	4.92683	26.3	59.4	ND22789_GT	GT	intron8transcript	30.152550	0.163397
chr1	155235681	155235844	97	164	100	59.4451	28.2	59.4	ND22789_GT	GT	exon9	30.152550	1.97148
chr1	155236245	155236469	79	225	100	42.2267	27.3	59.5	ND22789_GT	GT	exon8	30.152550	1.40044
chr1	155235845	155236244	93	325	81.25	2.3325	26.1	59.4	ND22789_GT	GT	intron8	30.152550	0.0773566
chr1	155235886	155236244	79	284	79.1086	2.03621	26	59.5	ND22789_GT	GT	intron8_minus_transcript	30.152550	0.0675303
chr1	155235882	155244627	212	3782	43.2426	17.6226	27.2	59.3	ND22789_TT_OG	TT	starttotranscript	49.035038	0.359388
chr1	155234452	155235882	192	1297	90.6359	63.0454	27.3	59.3	ND22789_TT_OG	TT	transcripttoend	49.035038	1.28572
chr1	155235845	155235885	190	0	0	0	0	59.4	ND22789_TT_OG	TT	intron8transcript	49.035038	0
chr1	155235681	155235844	191	164	100	127.659	28.7	59.4	ND22789_TT_OG	TT	exon9	49.035038	2.60342
chr1	155236245	155236469	193	225	100	111.351	27.2	59.3	ND22789_TT_OG	TT	exon8	49.035038	2.27085
chr1	155235845	155236244	190	0	0	0	0	59.4	ND22789_TT_OG	TT	intron8	49.035038	0
chr1	155235886	155236244	190	0	0	0	0	59.4	ND22789_TT_OG	TT	intron8_minus_transcript	49.035038	0
chr1	155235882	155244627	125	3366	38.4862	7.94672	27.4	59.6	ND01137_GG_OG	GG	starttotranscript	41.112496	0.193292
chr1	155234452	155235882	144	1136	79.385	47.6527	27.3	59.5	ND01137_GG_OG	GG	transcripttoend	41.112496	1.15908
chr1	155235845	155235885	143	41	100	19.2195	27.5	59.5	ND01137_GG_OG	GG	intron8transcript	41.112496	0.467486
chr1	155235681	155235844	144	164	100	91.1402	28.7	59.5	ND01137_GG_OG	GG	exon9	41.112496	2.21685
chr1	155236245	155236469	100	225	100	54.6178	27.4	59.8	ND01137_GG_OG	GG	exon8	41.112496	1.3285
chr1	155235845	155236244	143	396	99	5.14	26.9	59.5	ND01137_GG_OG	GG	intron8	41.112496	0.125023
chr1	155235886	155236244	103	355	98.8858	3.53203	26.5	59.5	ND01137_GG_OG	GG	intron8_minus_transcript	41.112496	0.0859113
